SHL     0000000000000000        1       1
SHR     0001000000000000        1       1
SWAP    0010000000000000        2       0
IADD    0011000000000000        2       1
ADD     0100000000000000        3       0
SUB     0101000000000000        3       0
AND     0110000000000000        3       0
OR      0111000000000000        3       0
NOP     1000000000000000        0       0
NOT     1001000000000000        1       0
INC     1001000100000000        1       0
DEC     1001001000000000        1       0
OUT     1001010000000000        1       0
IN      1001100000000000        1       0
PUSH    1010000000000000        1       0
POP     1010010000000000        1       0
LDM     1010100000000000        1       1
LDD     1011000000000000        1       2
STD     1011010000000000        1       2
CALL    1100001000000000        1       0
JMP     1100010000000000        1       0
JZ      1100100000000000        1       0
RET     1101010000000000        0       0
RTI     1101100000000000        0       0